0.901 
0.573 
0.704 
0.659 
0.528 
0.665 
0.698 
0.606 
0.602 
0.636 
0.487 
0.585
0.626 
0.582 
0.658 
0.557 
0.497 
0.624 
0.553 
0.748 
0.336 
0.697 
0.682 
0.385
0.614 
0.636 
0.605 
0.642 
0.478 
0.716 
0.602 
0.440 
0.646 
0.605 
0.536 
0.487
0.573 
0.475 
0.768 
0.606 
0.657 
0.586 
0.664 
0.492 
0.592 
0.558 
0.545 
0.626
0.516 
0.502 
0.516 
0.626 
0.594 
0.789 
0.713 
0.753 
0.629 
0.530 
0.482 
0.484
0.442 
0.396 
0.623 
0.632 
0.576 
0.688 
0.442 
0.544 
0.575 
0.536 
0.606 
0.458
0.628 
0.506 
0.564 
0.557 
0.653 
0.664 
0.883 
0.634 
0.666 
0.432 
0.566 
0.583
0.449 
0.647 
0.695 
0.505 
0.604 
0.517 
0.656 
0.589 
0.504 
0.553 
0.704 
0.600
0.708 
0.656 
0.669 
0.666 
0.567 
0.570 
0.445 
0.747 
0.616 
0.571 
0.686 
0.543
0.583 
0.559 
0.733 
0.464 
0.743 
0.711 
0.728 
0.602 
0.665 
0.739 
0.629 
0.702
0.567 
0.394 
0.718 
0.708 
0.771 
0.541 
0.455 
0.518 
0.612 
0.510 
0.548 
0.544
0.559 
0.727 
0.651 
0.545 
0.595 
0.503 
0.449 
0.460 
0.524 
0.574 
0.515 
0.622
0.510 
0.434 
0.586 
0.726 
0.546 
0.551 
0.705 
0.689 
0.643 
0.608 
0.682 
0.697
0.622 
0.711 
0.678 
0.516 
0.629 
0.731 
0.608 
0.759 
0.528 
0.732 
0.857 
0.737
0.716 
0.613 
0.452 
0.524 
0.471 
0.507 
0.628 
0.593 
0.551 
0.499 
0.550 
0.730
0.491 
0.476 
0.504 
0.570 
0.670 
0.643 
0.486 
0.472 
0.610 
0.537 
0.745 
0.691
0.538 
0.629 
0.732 
0.500 
0.522 
0.588 
0.521 
0.459
